REQUEST=SALE
ID=
CASHCODE=18
SHIFT=334
SCODE=164
DATE=01/03/2012
TIME=17:05:00
CHECKNUM=114
CARDNO=543210005
CARDTYPE=A
SUM=137.500000
SUM1=137.500000
SUM2=137.500000
SUMTYPE=0
ERRORCODE=0
DISCTYPE=T
DISCABS=0
DISCPERC=0
DOCNUM=15
MESSAGE=Клиент Мозиль О.М.


