REQUEST=SALE
ID=
CASHCODE=18
SHIFT=327
SCODE=150
DATE=20/02/2012
TIME=16:12:00
CHECKNUM=115
CARDNO=543220016
CARDTYPE=A
SUM=667.170000
SUM1=667.170000
SUM2=667.170000
SUMTYPE=0
ERRORCODE=0
DISCTYPE=T
DISCABS=0
DISCPERC=0
DOCNUM=15
MESSAGE=Клиент Тазеева Т.А.


