REQUEST=SALE
ID=
CASHCODE=18
SHIFT=340
SCODE=164
DATE=12/03/2012
TIME=13:10:00
CHECKNUM=49
CARDNO=543210005
CARDTYPE=A
SUM=27.380000
SUM1=27.380000
SUM2=27.380000
SUMTYPE=0
ERRORCODE=0
DISCTYPE=T
DISCABS=0
DISCPERC=0
DOCNUM=15
MESSAGE=Клиент Мозиль О.М.


