REQUEST=SALE
ID=
CASHCODE=18
SHIFT=333
SCODE=164
DATE=29/02/2012
TIME=10:19:00
CHECKNUM=5
CARDNO=543210132
CARDTYPE=A
SUM=87.500000
SUM1=87.500000
SUM2=87.500000
SUMTYPE=0
ERRORCODE=0
DISCTYPE=T
DISCABS=0
DISCPERC=0
DOCNUM=15
MESSAGE=Клиент Горлова О.Ю.


