REQUEST=SALE
ID=
CASHCODE=18
SHIFT=336
SCODE=164
DATE=05/03/2012
TIME=13:02:00
CHECKNUM=27
CARDNO=543220016
CARDTYPE=A
SUM=445.000000
SUM1=445.000000
SUM2=445.000000
SUMTYPE=0
ERRORCODE=0
DISCTYPE=T
DISCABS=0
DISCPERC=0
DOCNUM=15
MESSAGE=Клиент Тазеева Т.А.


