REQUEST=SALE
ID=
CASHCODE=18
SHIFT=321
SCODE=150
DATE=14/02/2012
TIME=16:44:00
CHECKNUM=87
CARDNO=543220016
CARDTYPE=A
SUM=835.000000
SUM1=835.000000
SUM2=835.000000
SUMTYPE=0
ERRORCODE=0
DISCTYPE=T
DISCABS=0
DISCPERC=0
DOCNUM=15
MESSAGE=Клиент Тазеева Т.А.


