REQUEST=SALE
ID=
CASHCODE=18
SHIFT=336
SCODE=164
DATE=05/03/2012
TIME=15:41:00
CHECKNUM=66
CARDNO=543220024
CARDTYPE=A
SUM=1147.500000
SUM1=1147.500000
SUM2=1147.500000
SUMTYPE=0
ERRORCODE=0
DISCTYPE=T
DISCABS=0
DISCPERC=0
DOCNUM=15
MESSAGE=Клиент №543220024


