REQUEST=SALE
ID=
CASHCODE=18
SHIFT=327
SCODE=150
DATE=20/02/2012
TIME=16:57:00
CHECKNUM=126
CARDNO=543220024
CARDTYPE=A
SUM=137.000000
SUM1=137.000000
SUM2=137.000000
SUMTYPE=0
ERRORCODE=0
DISCTYPE=T
DISCABS=0
DISCPERC=0
DOCNUM=15
MESSAGE=Клиент №543220024


