REQUEST=SALE
ID=
CASHCODE=18
SHIFT=329
SCODE=150
DATE=22/02/2012
TIME=18:10:00
CHECKNUM=100
CARDNO=543220024
CARDTYPE=A
SUM=757.000000
SUM1=757.000000
SUM2=757.000000
SUMTYPE=0
ERRORCODE=0
DISCTYPE=T
DISCABS=0
DISCPERC=0
DOCNUM=15
MESSAGE=Клиент №543220024


