REQUEST=SALE
ID=
CASHCODE=18
SHIFT=330
SCODE=164
DATE=24/02/2012
TIME=15:26:00
CHECKNUM=104
CARDNO=543210132
CARDTYPE=A
SUM=43.650000
SUM1=43.650000
SUM2=43.650000
SUMTYPE=0
ERRORCODE=0
DISCTYPE=T
DISCABS=0
DISCPERC=0
DOCNUM=15
MESSAGE=Клиент Горлова О.Ю.


