REQUEST=SALE
ID=
CASHCODE=18
SHIFT=323
SCODE=150
DATE=16/02/2012
TIME=16:40:00
CHECKNUM=138
CARDNO=54321550
CARDTYPE=A
SUM=820.900000
SUM1=820.900000
SUM2=820.900000
SUMTYPE=0
ERRORCODE=0
DISCTYPE=T
DISCABS=0
DISCPERC=0
DOCNUM=15
MESSAGE=Клиент Назарова Н.В.


