REQUEST=SALE
ID=
CASHCODE=18
SHIFT=339
SCODE=150
DATE=11/03/2012
TIME=10:57:00
CHECKNUM=15
CARDNO=543210150
CARDTYPE=A
SUM=208.500000
SUM1=208.500000
SUM2=208.500000
SUMTYPE=0
ERRORCODE=0
DISCTYPE=T
DISCABS=0
DISCPERC=0
DOCNUM=15
MESSAGE=Клиент Богер А.М.


