REQUEST=SALE
ID=
CASHCODE=18
SHIFT=327
SCODE=150
DATE=20/02/2012
TIME=19:16:00
CHECKNUM=169
CARDNO=543210150
CARDTYPE=A
SUM=8.100000
SUM1=8.100000
SUM2=8.100000
SUMTYPE=0
ERRORCODE=0
DISCTYPE=T
DISCABS=0
DISCPERC=0
DOCNUM=15
MESSAGE=Клиент Богер А.М.


