REQUEST=SALE
ID=
CASHCODE=18
SHIFT=327
SCODE=150
DATE=20/02/2012
TIME=17:50:00
CHECKNUM=140
CARDNO=543220022
CARDTYPE=A
SUM=546.500000
SUM1=546.500000
SUM2=546.500000
SUMTYPE=0
ERRORCODE=0
DISCTYPE=T
DISCABS=0
DISCPERC=0
DOCNUM=15
MESSAGE=Клиент №543220022


