REQUEST=SALE
ID=
CASHCODE=18
SHIFT=330
SCODE=164
DATE=24/02/2012
TIME=15:33:00
CHECKNUM=105
CARDNO=543210132
CARDTYPE=A
SUM=60.000000
SUM1=60.000000
SUM2=60.000000
SUMTYPE=0
ERRORCODE=0
DISCTYPE=T
DISCABS=0
DISCPERC=0
DOCNUM=15
MESSAGE=Клиент Горлова О.Ю.


