REQUEST=SALE
ID=
CASHCODE=18
SHIFT=321
SCODE=150
DATE=14/02/2012
TIME=13:43:00
CHECKNUM=61
CARDNO=543220016
CARDTYPE=A
SUM=3082.260000
SUM1=3082.260000
SUM2=3082.260000
SUMTYPE=0
ERRORCODE=0
DISCTYPE=T
DISCABS=0
DISCPERC=0
DOCNUM=15
MESSAGE=Клиент Тазеева Т.А.


