REQUEST=SALE
ID=
CASHCODE=18
SHIFT=333
SCODE=164
DATE=29/02/2012
TIME=13:29:00
CHECKNUM=36
CARDNO=543220024
CARDTYPE=A
SUM=757.000000
SUM1=757.000000
SUM2=757.000000
SUMTYPE=0
ERRORCODE=0
DISCTYPE=T
DISCABS=0
DISCPERC=0
DOCNUM=15
MESSAGE=Клиент №543220024


