REQUEST=SALE
ID=
CASHCODE=18
SHIFT=335
SCODE=150
DATE=02/03/2012
TIME=12:15:00
CHECKNUM=21
CARDNO=54321698
CARDTYPE=A
SUM=9518.000000
SUM1=9518.000000
SUM2=9518.000000
SUMTYPE=0
ERRORCODE=0
DISCTYPE=T
DISCABS=0
DISCPERC=0
DOCNUM=15
MESSAGE=Клиент №54321698


