REQUEST=SALE
ID=
CASHCODE=18
SHIFT=333
SCODE=164
DATE=29/02/2012
TIME=13:03:00
CHECKNUM=32
CARDNO=543220016
CARDTYPE=A
SUM=2605.000000
SUM1=2605.000000
SUM2=2605.000000
SUMTYPE=0
ERRORCODE=0
DISCTYPE=T
DISCABS=0
DISCPERC=0
DOCNUM=15
MESSAGE=Клиент Тазеева Т.А.


