REQUEST=SALE
ID=
CASHCODE=18
SHIFT=322
SCODE=150
DATE=15/02/2012
TIME=19:13:00
CHECKNUM=148
CARDNO=543220016
CARDTYPE=A
SUM=1878.000000
SUM1=1878.000000
SUM2=1878.000000
SUMTYPE=0
ERRORCODE=0
DISCTYPE=T
DISCABS=0
DISCPERC=0
DOCNUM=15
MESSAGE=Клиент Тазеева Т.А.


