REQUEST=SALE
ID=
CASHCODE=18
SHIFT=334
SCODE=164
DATE=01/03/2012
TIME=17:01:00
CHECKNUM=112
CARDNO=54321549
CARDTYPE=A
SUM=100.000000
SUM1=100.000000
SUM2=100.000000
SUMTYPE=0
ERRORCODE=0
DISCTYPE=T
DISCABS=0
DISCPERC=0
DOCNUM=15
MESSAGE=Клиент Трунова М.И.


