REQUEST=SALE
ID=
CASHCODE=18
SHIFT=326
SCODE=144
DATE=19/02/2012
TIME=14:40:00
CHECKNUM=41
CARDNO=543220043
CARDTYPE=A
SUM=678.500000
SUM1=678.500000
SUM2=678.500000
SUMTYPE=0
ERRORCODE=0
DISCTYPE=T
DISCABS=0
DISCPERC=0
DOCNUM=15
MESSAGE=Клиент №543220043


