REQUEST=SALE
ID=
CASHCODE=18
SHIFT=329
SCODE=150
DATE=22/02/2012
TIME=15:51:00
CHECKNUM=93
CARDNO=543220024
CARDTYPE=A
SUM=872.500000
SUM1=872.500000
SUM2=872.500000
SUMTYPE=0
ERRORCODE=0
DISCTYPE=T
DISCABS=0
DISCPERC=0
DOCNUM=15
MESSAGE=Клиент №543220024


