REQUEST=SALE
ID=
CASHCODE=18
SHIFT=334
SCODE=164
DATE=01/03/2012
TIME=17:03:00
CHECKNUM=113
CARDNO=543210005
CARDTYPE=A
SUM=275.000000
SUM1=275.000000
SUM2=275.000000
SUMTYPE=0
ERRORCODE=0
DISCTYPE=T
DISCABS=0
DISCPERC=0
DOCNUM=15
MESSAGE=Клиент Мозиль О.М.


