REQUEST=SALE
ID=
CASHCODE=18
SHIFT=335
SCODE=150
DATE=02/03/2012
TIME=10:26:00
CHECKNUM=3
CARDNO=543210005
CARDTYPE=A
SUM=376.500000
SUM1=376.500000
SUM2=376.500000
SUMTYPE=0
ERRORCODE=0
DISCTYPE=T
DISCABS=0
DISCPERC=0
DOCNUM=15
MESSAGE=Клиент Мозиль О.М.


