REQUEST=SALE
ID=
CASHCODE=18
SHIFT=337
SCODE=150
DATE=06/03/2012
TIME=17:47:00
CHECKNUM=134
CARDNO=543210005
CARDTYPE=A
SUM=227.210000
SUM1=227.210000
SUM2=227.210000
SUMTYPE=0
ERRORCODE=0
DISCTYPE=T
DISCABS=0
DISCPERC=0
DOCNUM=15
MESSAGE=Клиент Мозиль О.М.


