REQUEST=SALE
ID=
CASHCODE=18
SHIFT=335
SCODE=164
DATE=02/03/2012
TIME=16:58:00
CHECKNUM=70
CARDNO=543220016
CARDTYPE=A
SUM=106.500000
SUM1=106.500000
SUM2=106.500000
SUMTYPE=0
ERRORCODE=0
DISCTYPE=T
DISCABS=0
DISCPERC=0
DOCNUM=15
MESSAGE=Клиент Тазеева Т.А.


