REQUEST=SALE
ID=
CASHCODE=18
SHIFT=337
SCODE=150
DATE=06/03/2012
TIME=18:17:00
CHECKNUM=143
CARDNO=543210132
CARDTYPE=A
SUM=228.500000
SUM1=228.500000
SUM2=228.500000
SUMTYPE=0
ERRORCODE=0
DISCTYPE=T
DISCABS=0
DISCPERC=0
DOCNUM=15
MESSAGE=Клиент Горлова О.Ю.


