REQUEST=SALE
ID=
CASHCODE=18
SHIFT=339
SCODE=150
DATE=11/03/2012
TIME=13:09:00
CHECKNUM=53
CARDNO=54321698
CARDTYPE=A
SUM=1439.000000
SUM1=1439.000000
SUM2=1439.000000
SUMTYPE=0
ERRORCODE=0
DISCTYPE=T
DISCABS=0
DISCPERC=0
DOCNUM=15
MESSAGE=Клиент №54321698


