REQUEST=SALE
ID=
CASHCODE=18
SHIFT=338
SCODE=164
DATE=07/03/2012
TIME=18:39:00
CHECKNUM=80
CARDNO=543210150
CARDTYPE=A
SUM=31.500000
SUM1=31.500000
SUM2=31.500000
SUMTYPE=0
ERRORCODE=0
DISCTYPE=T
DISCABS=0
DISCPERC=0
DOCNUM=15
MESSAGE=Клиент Богер А.М.


