REQUEST=SALE
ID=
CASHCODE=18
SHIFT=322
SCODE=150
DATE=15/02/2012
TIME=19:04:00
CHECKNUM=147
CARDNO=543210006
CARDTYPE=A
SUM=242.000000
SUM1=242.000000
SUM2=242.000000
SUMTYPE=0
ERRORCODE=0
DISCTYPE=T
DISCABS=0
DISCPERC=0
DOCNUM=15
MESSAGE=Клиент Тазеева Т.А.


