REQUEST=SALE
ID=
CASHCODE=18
SHIFT=339
SCODE=150
DATE=11/03/2012
TIME=10:55:00
CHECKNUM=13
CARDNO=543220016
CARDTYPE=A
SUM=1047.000000
SUM1=1047.000000
SUM2=1047.000000
SUMTYPE=0
ERRORCODE=0
DISCTYPE=T
DISCABS=0
DISCPERC=0
DOCNUM=15
MESSAGE=Клиент Тазеева Т.А.


