REQUEST=SALE
ID=
CASHCODE=18
SHIFT=337
SCODE=150
DATE=06/03/2012
TIME=16:12:00
CHECKNUM=102
CARDNO=543220039
CARDTYPE=A
SUM=2021.500000
SUM1=2021.500000
SUM2=2021.500000
SUMTYPE=0
ERRORCODE=0
DISCTYPE=T
DISCABS=0
DISCPERC=0
DOCNUM=15
MESSAGE=Клиент №543220039


