REQUEST=SALE
ID=
CASHCODE=18
SHIFT=334
SCODE=164
DATE=01/03/2012
TIME=16:51:00
CHECKNUM=110
CARDNO=543210164
CARDTYPE=A
SUM=114.000000
SUM1=114.000000
SUM2=114.000000
SUMTYPE=0
ERRORCODE=0
DISCTYPE=T
DISCABS=0
DISCPERC=0
DOCNUM=15
MESSAGE=Клиент Волкова А.А.


