REQUEST=SALE
ID=
CASHCODE=18
SHIFT=334
SCODE=164
DATE=01/03/2012
TIME=13:53:00
CHECKNUM=57
CARDNO=543220016
CARDTYPE=A
SUM=102.260000
SUM1=102.260000
SUM2=102.260000
SUMTYPE=0
ERRORCODE=0
DISCTYPE=T
DISCABS=0
DISCPERC=0
DOCNUM=15
MESSAGE=Клиент Тазеева Т.А.


