REQUEST=SALE
ID=
CASHCODE=18
SHIFT=338
SCODE=164
DATE=07/03/2012
TIME=18:22:00
CHECKNUM=64
CARDNO=543210150
CARDTYPE=A
SUM=191.330000
SUM1=191.330000
SUM2=191.330000
SUMTYPE=0
ERRORCODE=0
DISCTYPE=T
DISCABS=0
DISCPERC=0
DOCNUM=15
MESSAGE=Клиент Богер А.М.


