REQUEST=SALE
ID=
CASHCODE=18
SHIFT=340
SCODE=164
DATE=12/03/2012
TIME=08:34:00
CHECKNUM=1
CARDNO=543220016
CARDTYPE=A
SUM=327.000000
SUM1=327.000000
SUM2=327.000000
SUMTYPE=0
ERRORCODE=0
DISCTYPE=T
DISCABS=0
DISCPERC=0
DOCNUM=15
MESSAGE=Клиент Тазеева Т.А.


