REQUEST=SALE
ID=
CASHCODE=18
SHIFT=328
SCODE=89
DATE=21/02/2012
TIME=15:19:00
CHECKNUM=82
CARDNO=543210089
CARDTYPE=A
SUM=125.500000
SUM1=125.500000
SUM2=125.500000
SUMTYPE=0
ERRORCODE=0
DISCTYPE=T
DISCABS=0
DISCPERC=0
DOCNUM=15
MESSAGE=Клиент Бурцева Е.В.


