REQUEST=SALE
ID=
CASHCODE=18
SHIFT=334
SCODE=164
DATE=01/03/2012
TIME=11:00:00
CHECKNUM=2
CARDNO=543210150
CARDTYPE=A
SUM=356.500000
SUM1=356.500000
SUM2=356.500000
SUMTYPE=0
ERRORCODE=0
DISCTYPE=T
DISCABS=0
DISCPERC=0
DOCNUM=15
MESSAGE=Клиент Богер А.М.


