REQUEST=SALE
ID=
CASHCODE=18
SHIFT=335
SCODE=164
DATE=02/03/2012
TIME=16:55:00
CHECKNUM=69
CARDNO=543220016
CARDTYPE=A
SUM=1021.500000
SUM1=1021.500000
SUM2=1021.500000
SUMTYPE=0
ERRORCODE=0
DISCTYPE=T
DISCABS=0
DISCPERC=0
DOCNUM=15
MESSAGE=Клиент Тазеева Т.А.


