REQUEST=SALE
ID=
CASHCODE=18
SHIFT=337
SCODE=150
DATE=06/03/2012
TIME=13:26:00
CHECKNUM=39
CARDNO=543220024
CARDTYPE=A
SUM=3242.500000
SUM1=3242.500000
SUM2=3242.500000
SUMTYPE=0
ERRORCODE=0
DISCTYPE=T
DISCABS=0
DISCPERC=0
DOCNUM=15
MESSAGE=Клиент №543220024


