REQUEST=SALE
ID=
CASHCODE=18
SHIFT=323
SCODE=150
DATE=16/02/2012
TIME=16:41:00
CHECKNUM=139
CARDNO=54321550
CARDTYPE=A
SUM=611.350000
SUM1=611.350000
SUM2=611.350000
SUMTYPE=0
ERRORCODE=0
DISCTYPE=T
DISCABS=0
DISCPERC=0
DOCNUM=15
MESSAGE=Клиент Назарова Н.В.


