REQUEST=SALE
ID=
CASHCODE=18
SHIFT=337
SCODE=150
DATE=06/03/2012
TIME=13:01:00
CHECKNUM=30
CARDNO=54321698
CARDTYPE=A
SUM=203.000000
SUM1=203.000000
SUM2=203.000000
SUMTYPE=0
ERRORCODE=0
DISCTYPE=T
DISCABS=0
DISCPERC=0
DOCNUM=15
MESSAGE=Клиент №54321698


