REQUEST=SALE
ID=
CASHCODE=18
SHIFT=335
SCODE=150
DATE=02/03/2012
TIME=12:14:00
CHECKNUM=20
CARDNO=54321698
CARDTYPE=A
SUM=1320.000000
SUM1=1320.000000
SUM2=1320.000000
SUMTYPE=0
ERRORCODE=0
DISCTYPE=T
DISCABS=0
DISCPERC=0
DOCNUM=15
MESSAGE=Клиент №54321698


