REQUEST=SALE
ID=
CASHCODE=18
SHIFT=327
SCODE=150
DATE=20/02/2012
TIME=17:05:00
CHECKNUM=127
CARDNO=543210006
CARDTYPE=A
SUM=243.500000
SUM1=243.500000
SUM2=243.500000
SUMTYPE=0
ERRORCODE=0
DISCTYPE=T
DISCABS=0
DISCPERC=0
DOCNUM=15
MESSAGE=Клиент Тазеева Т.А.


