REQUEST=SALE
ID=
CASHCODE=18
SHIFT=340
SCODE=164
DATE=12/03/2012
TIME=13:27:00
CHECKNUM=59
CARDNO=543220039
CARDTYPE=A
SUM=448.820000
SUM1=448.820000
SUM2=448.820000
SUMTYPE=0
ERRORCODE=0
DISCTYPE=T
DISCABS=0
DISCPERC=0
DOCNUM=15
MESSAGE=Клиент №543220039


