REQUEST=SALE
ID=
CASHCODE=18
SHIFT=337
SCODE=150
DATE=06/03/2012
TIME=16:10:00
CHECKNUM=101
CARDNO=543210152
CARDTYPE=A
SUM=224.000000
SUM1=224.000000
SUM2=224.000000
SUMTYPE=0
ERRORCODE=0
DISCTYPE=T
DISCABS=0
DISCPERC=0
DOCNUM=15
MESSAGE=Клиент Кашкарова Т.В.


