REQUEST=SALE
ID=
CASHCODE=18
SHIFT=329
SCODE=150
DATE=22/02/2012
TIME=14:37:00
CHECKNUM=77
CARDNO=543220016
CARDTYPE=A
SUM=499.000000
SUM1=499.000000
SUM2=499.000000
SUMTYPE=0
ERRORCODE=0
DISCTYPE=T
DISCABS=0
DISCPERC=0
DOCNUM=15
MESSAGE=Клиент Тазеева Т.А.


