REQUEST=SALE
ID=
CASHCODE=18
SHIFT=331
SCODE=150
DATE=27/02/2012
TIME=15:59:00
CHECKNUM=103
CARDNO=543220024
CARDTYPE=A
SUM=1347.000000
SUM1=1347.000000
SUM2=1347.000000
SUMTYPE=0
ERRORCODE=0
DISCTYPE=T
DISCABS=0
DISCPERC=0
DOCNUM=15
MESSAGE=Клиент №543220024


