REQUEST=SALE
ID=
CASHCODE=18
SHIFT=334
SCODE=164
DATE=01/03/2012
TIME=16:48:00
CHECKNUM=109
CARDNO=543220024
CARDTYPE=A
SUM=330.500000
SUM1=330.500000
SUM2=330.500000
SUMTYPE=0
ERRORCODE=0
DISCTYPE=T
DISCABS=0
DISCPERC=0
DOCNUM=15
MESSAGE=Клиент №543220024


