REQUEST=SALE
ID=
CASHCODE=18
SHIFT=340
SCODE=164
DATE=12/03/2012
TIME=14:37:00
CHECKNUM=89
CARDNO=543220044
CARDTYPE=A
SUM=321.400000
SUM1=321.400000
SUM2=321.400000
SUMTYPE=0
ERRORCODE=0
DISCTYPE=T
DISCABS=0
DISCPERC=0
DOCNUM=15
MESSAGE=Клиент №543220044


