REQUEST=SALE
ID=
CASHCODE=18
SHIFT=338
SCODE=164
DATE=07/03/2012
TIME=16:35:00
CHECKNUM=58
CARDNO=543220016
CARDTYPE=A
SUM=859.000000
SUM1=859.000000
SUM2=859.000000
SUMTYPE=0
ERRORCODE=0
DISCTYPE=T
DISCABS=0
DISCPERC=0
DOCNUM=15
MESSAGE=Клиент Тазеева Т.А.


