REQUEST=SALE
ID=
CASHCODE=18
SHIFT=333
SCODE=560
DATE=29/02/2012
TIME=13:31:00
CHECKNUM=38
CARDNO=54321550
CARDTYPE=A
SUM=37.080000
SUM1=37.080000
SUM2=37.080000
SUMTYPE=0
ERRORCODE=0
DISCTYPE=T
DISCABS=0
DISCPERC=0
DOCNUM=15
MESSAGE=Клиент Назарова Н.В.


