REQUEST=SALE
ID=
CASHCODE=18
SHIFT=334
SCODE=164
DATE=01/03/2012
TIME=17:42:00
CHECKNUM=117
CARDNO=543220016
CARDTYPE=A
SUM=699.000000
SUM1=699.000000
SUM2=699.000000
SUMTYPE=0
ERRORCODE=0
DISCTYPE=T
DISCABS=0
DISCPERC=0
DOCNUM=15
MESSAGE=Клиент Тазеева Т.А.


