REQUEST=SALE
ID=
CASHCODE=18
SHIFT=326
SCODE=144
DATE=19/02/2012
TIME=14:27:00
CHECKNUM=35
CARDNO=543210144
CARDTYPE=A
SUM=199.000000
SUM1=199.000000
SUM2=199.000000
SUMTYPE=0
ERRORCODE=0
DISCTYPE=T
DISCABS=0
DISCPERC=0
DOCNUM=15
MESSAGE=Клиент Тарасова Д.А.


