REQUEST=SALE
ID=
CASHCODE=18
SHIFT=328
SCODE=89
DATE=21/02/2012
TIME=10:11:00
CHECKNUM=4
CARDNO=543220016
CARDTYPE=A
SUM=258.000000
SUM1=258.000000
SUM2=258.000000
SUMTYPE=0
ERRORCODE=0
DISCTYPE=T
DISCABS=0
DISCPERC=0
DOCNUM=15
MESSAGE=Клиент Тазеева Т.А.


