REQUEST=SALE
ID=
CASHCODE=18
SHIFT=336
SCODE=164
DATE=05/03/2012
TIME=13:59:00
CHECKNUM=42
CARDNO=543220039
CARDTYPE=A
SUM=320.000000
SUM1=320.000000
SUM2=320.000000
SUMTYPE=0
ERRORCODE=0
DISCTYPE=T
DISCABS=0
DISCPERC=0
DOCNUM=15
MESSAGE=Клиент №543220039


