REQUEST=SALE
ID=
CASHCODE=18
SHIFT=324
SCODE=150
DATE=17/02/2012
TIME=16:44:00
CHECKNUM=97
CARDNO=543210150
CARDTYPE=A
SUM=68.000000
SUM1=68.000000
SUM2=68.000000
SUMTYPE=0
ERRORCODE=0
DISCTYPE=T
DISCABS=0
DISCPERC=0
DOCNUM=15
MESSAGE=Клиент Богер А.М.


