REQUEST=SALE
ID=
CASHCODE=18
SHIFT=358
SCODE=150
DATE=05/04/2012
TIME=14:22:00
CHECKNUM=49
CARDNO=10164
CARDTYPE=A
SUM=213.000000
SUM1=213.000000
SUM2=213.000000
SUMTYPE=0
ERRORCODE=0
DISCTYPE=T
DISCABS=0
DISCPERC=0
DOCNUM=15
MESSAGE=Клиент Волкова А.А.


T=1,24316,3059944022866,"",1.000000,213.000000,213.000000,206.610000,206.610000,1,"Для Персонала"
