REQUEST=SALE
ID=
CASHCODE=57
SHIFT=47
SCODE=584
DATE=31/07/2014
TIME=15:17:00
CHECKNUM=1
CARDNO=7
CARDTYPE=A
SUM=215.500000
SUM1=215.500000
SUM2=215.500000
SUMTYPE=0
ERRORCODE=0
DISCTYPE=T
DISCABS=0
DISCPERC=0
DOCNUM=15
MESSAGE=Клиент 7


T=1,10206,10206,"",1.000000,215.500000,215.500000,0.000000,0.000000,1,"Сап симплекс"
