REQUEST=SALE
ID=
CASHCODE=18
SHIFT=340
SCODE=164
DATE=12/03/2012
TIME=15:55:00
CHECKNUM=122
CARDNO=54321560
CARDTYPE=A
SUM=327.000000
SUM1=327.000000
SUM2=327.000000
SUMTYPE=0
ERRORCODE=0
DISCTYPE=T
DISCABS=0
DISCPERC=0
DOCNUM=15
MESSAGE=Клиент №54321560


T=1,20764,4607003243562,"",1.000000,327.000000,327.000000,317.190000,317.190000,1,"Для Персонала"
