REQUEST=SALE
ID=
CASHCODE=18
SHIFT=342
SCODE=164
DATE=14/03/2012
TIME=12:47:00
CHECKNUM=86
CARDNO=20254
CARDTYPE=A
SUM=1064.000000
SUM1=1064.000000
SUM2=1064.000000
SUMTYPE=0
ERRORCODE=0
DISCTYPE=T
DISCABS=0
DISCPERC=0
DOCNUM=15
MESSAGE=Клиент №20254


T=1,517,5413973241199,"",1.000000,495.350000,495.350000,447.200000,447.200000,1,"V.I.P."
T=2,5051,5413973242196,"",1.000000,569.000000,569.000000,516.790000,516.790000,1,"V.I.P."
