REQUEST=SALE
ID=
CASHCODE=57
SHIFT=61
SCODE=636
DATE=02/10/2014
TIME=13:56:00
CHECKNUM=38
CARDNO=810201400
CARDTYPE=A
SUM=525.000000
SUM1=525.000000
SUM2=525.000000
SUMTYPE=0
ERRORCODE=0
DISCTYPE=T
DISCABS=0
DISCPERC=0
DOCNUM=15
MESSAGE=Клиент 810201400


T=1,22835,3582910043676,"",1.000000,525.000000,525.000000,525.000000,525.000000,1,"Магне В6"
