REQUEST=SALE
ID=
CASHCODE=18
SHIFT=399
SCODE=560
DATE=09/06/2012
TIME=10:32:00
CHECKNUM=1
CARDNO=10560
CARDTYPE=A
SUM=232.500000
SUM1=232.500000
SUM2=232.500000
SUMTYPE=0
ERRORCODE=0
DISCTYPE=T
DISCABS=0
DISCPERC=0
DOCNUM=15
MESSAGE=Клиент Тазеева Т.А.


T=1,27244,4049500021500,"",1.000000,232.500000,232.500000,232.500000,232.500000,0,""
