REQUEST=SALE
ID=
CASHCODE=18
SHIFT=1040
SCODE=649
DATE=05/01/2015
TIME=10:10:00
CHECKNUM=6
CARDNO=20034
CARDTYPE=A
SUM=570.000000
SUM1=570.000000
SUM2=570.000000
SUMTYPE=0
ERRORCODE=0
DISCTYPE=T
DISCABS=0
DISCPERC=0
DOCNUM=15
MESSAGE=Клиент 20034


T=1,0,3574660108293,"",1.000000,217.500000,217.500000,176.240000,176.240000,1,"V.I.P."
T=2,0,5700666024789,"",1.000000,352.500000,352.500000,208.760000,208.760000,1,"V.I.P."
