REQUEST=SALE
ID=
CASHCODE=99
SHIFT=10
SCODE=652
DATE=19/09/2014
TIME=09:32:00
CHECKNUM=21
CARDNO=72727824
CARDTYPE=A
SUM=1892.500000
SUM1=1892.500000
SUM2=1892.500000
SUMTYPE=0
ERRORCODE=1
DISCTYPE=T
DISCABS=0
DISCPERC=0
DOCNUM=15
MESSAGE=Нет скидок по карте 72727824


T=1,0,5995377378089,"",1.000000,827.000000,827.000000,827.000000,827.000000,0,""
T=2,0,7332343001332,"",1.000000,282.000000,282.000000,282.000000,282.000000,0,""
T=3,0,4603365000218,"",1.000000,220.000000,220.000000,220.000000,220.000000,0,""
T=4,2718,2502718050844,"",1.000000,563.500000,563.500000,563.500000,563.500000,0,""
