REQUEST=SALE
ID=
CASHCODE=18
SHIFT=327
SCODE=150
DATE=20/02/2012
TIME=14:24:00
CHECKNUM=88
CARDNO=543210150
CARDTYPE=A
SUM=2668.800000
SUM1=2668.800000
SUM2=2668.800000
SUMTYPE=0
ERRORCODE=0
DISCTYPE=T
DISCABS=0
DISCPERC=0
DOCNUM=15
MESSAGE=Клиент Богер А.М.


