REQUEST=SALE
ID=
CASHCODE=18
SHIFT=329
SCODE=150
DATE=22/02/2012
TIME=20:47:00
CHECKNUM=102
CARDNO=543220016
CARDTYPE=A
SUM=1332.500000
SUM1=1332.500000
SUM2=1332.500000
SUMTYPE=0
ERRORCODE=0
DISCTYPE=T
DISCABS=0
DISCPERC=0
DOCNUM=15
MESSAGE=Клиент Тазеева Т.А.


