REQUEST=SALE
ID=
CASHCODE=18
SHIFT=340
SCODE=164
DATE=12/03/2012
TIME=16:38:00
CHECKNUM=134
CARDNO=54321560
CARDTYPE=A
SUM=11.500000
SUM1=11.500000
SUM2=11.500000
SUMTYPE=0
ERRORCODE=0
DISCTYPE=T
DISCABS=0
DISCPERC=0
DOCNUM=15
MESSAGE=Клиент №54321560


