REQUEST=SALE
ID=
CASHCODE=18
SHIFT=340
SCODE=164
DATE=12/03/2012
TIME=17:10:00
CHECKNUM=138
CARDNO=54321560
CARDTYPE=A
SUM=375.670000
SUM1=375.670000
SUM2=375.670000
SUMTYPE=0
ERRORCODE=0
DISCTYPE=T
DISCABS=0
DISCPERC=0
DOCNUM=15
MESSAGE=Клиент №54321560


