REQUEST=SALE
ID=
CASHCODE=18
SHIFT=333
SCODE=164
DATE=29/02/2012
TIME=12:34:00
CHECKNUM=24
CARDNO=54321560
CARDTYPE=A
SUM=1524.000000
SUM1=1524.000000
SUM2=1524.000000
SUMTYPE=0
ERRORCODE=0
DISCTYPE=T
DISCABS=0
DISCPERC=0
DOCNUM=15
MESSAGE=Клиент №54321560


