REQUEST=SALE
ID=
CASHCODE=18
SHIFT=328
SCODE=89
DATE=21/02/2012
TIME=14:23:00
CHECKNUM=66
CARDNO=543220024
CARDTYPE=A
SUM=2133.000000
SUM1=2133.000000
SUM2=2133.000000
SUMTYPE=0
ERRORCODE=0
DISCTYPE=T
DISCABS=0
DISCPERC=0
DOCNUM=15
MESSAGE=Клиент №543220024


