REQUEST=SALE
ID=
CASHCODE=18
SHIFT=333
SCODE=164
DATE=29/02/2012
TIME=18:26:00
CHECKNUM=86
CARDNO=543210150
CARDTYPE=A
SUM=278.000000
SUM1=278.000000
SUM2=278.000000
SUMTYPE=0
ERRORCODE=0
DISCTYPE=T
DISCABS=0
DISCPERC=0
DOCNUM=15
MESSAGE=Клиент Богер А.М.


