REQUEST=SALE
ID=
CASHCODE=18
SHIFT=330
SCODE=164
DATE=24/02/2012
TIME=15:24:00
CHECKNUM=103
CARDNO=543220024
CARDTYPE=A
SUM=392.500000
SUM1=392.500000
SUM2=392.500000
SUMTYPE=0
ERRORCODE=0
DISCTYPE=T
DISCABS=0
DISCPERC=0
DOCNUM=15
MESSAGE=Клиент №543220024


