REQUEST=SALE
ID=
CASHCODE=18
SHIFT=332
SCODE=164
DATE=28/02/2012
TIME=10:45:00
CHECKNUM=3
CARDNO=54321698
CARDTYPE=A
SUM=375.500000
SUM1=375.500000
SUM2=375.500000
SUMTYPE=0
ERRORCODE=0
DISCTYPE=T
DISCABS=0
DISCPERC=0
DOCNUM=15
MESSAGE=Клиент №54321698


