REQUEST=SALE
ID=
CASHCODE=18
SHIFT=331
SCODE=150
DATE=27/02/2012
TIME=19:08:00
CHECKNUM=175
CARDNO=543220016
CARDTYPE=A
SUM=125.520000
SUM1=125.520000
SUM2=125.520000
SUMTYPE=0
ERRORCODE=0
DISCTYPE=T
DISCABS=0
DISCPERC=0
DOCNUM=15
MESSAGE=Клиент Тазеева Т.А.


